# Blender 4.1.1
# www.blender.org
mtllib map.mtl
o Cube
v -34.401760 7.671234 -7.356190
v -34.501797 1.296202 -7.352215
v -35.487839 7.688283 -7.346630
v -35.587875 1.313250 -7.342655
v -33.676399 7.711205 75.005600
v -33.776436 1.336173 75.009567
v -34.762478 7.728254 75.015152
v -34.862514 1.353222 75.019135
vn -0.0088 -0.0005 -1.0000
vn -0.9998 0.0157 0.0088
vn 0.0088 0.0005 1.0000
vn 0.9998 -0.0157 -0.0088
vn 0.0157 0.9999 -0.0006
vn -0.0157 -0.9999 0.0006
vt 0.375000 0.000000
vt 0.625000 0.000000
vt 0.625000 0.250000
vt 0.375000 0.250000
vt 0.625000 0.500000
vt 0.375000 0.500000
vt 0.625000 0.750000
vt 0.375000 0.750000
vt 0.625000 1.000000
vt 0.375000 1.000000
vt 0.125000 0.500000
vt 0.125000 0.750000
vt 0.875000 0.500000
vt 0.875000 0.750000
s 0
usemtl Material.003
f 1/1/1 2/2/1 4/3/1 3/4/1
f 3/4/2 4/3/2 8/5/2 7/6/2
f 7/6/3 8/5/3 6/7/3 5/8/3
f 5/8/4 6/7/4 2/9/4 1/10/4
f 3/11/5 7/6/5 5/8/5 1/12/5
f 8/5/6 4/13/6 2/14/6 6/7/6
o Cube.001
v 42.199543 6.470869 74.079216
v 42.152256 0.095368 74.081413
v 42.192585 6.470656 73.310814
v 42.145298 0.095155 73.313004
v -35.462391 7.047115 74.782242
v -35.509678 0.671615 74.784431
v -35.469349 7.046903 74.013832
v -35.516636 0.671402 74.016029
vn 0.9999 -0.0074 -0.0091
vn -0.0091 -0.0003 -1.0000
vn -0.9999 0.0074 0.0091
vn 0.0091 0.0003 1.0000
vn 0.0074 1.0000 -0.0003
vn -0.0074 -1.0000 0.0003
vt 0.375000 0.000000
vt 0.625000 0.000000
vt 0.625000 0.250000
vt 0.375000 0.250000
vt 0.625000 0.500000
vt 0.375000 0.500000
vt 0.625000 0.750000
vt 0.375000 0.750000
vt 0.625000 1.000000
vt 0.375000 1.000000
vt 0.125000 0.500000
vt 0.125000 0.750000
vt 0.875000 0.500000
vt 0.875000 0.750000
s 0
usemtl Material.003
f 9/15/7 10/16/7 12/17/7 11/18/7
f 11/18/8 12/17/8 16/19/8 15/20/8
f 15/20/9 16/19/9 14/21/9 13/22/9
f 13/22/10 14/21/10 10/23/10 9/24/10
f 11/25/11 15/20/11 13/22/11 9/26/11
f 16/19/12 12/27/12 10/28/12 14/21/12
o Cube.002
v 45.260712 6.800714 26.394279
v 45.163307 0.426427 26.396925
v 45.251175 6.800540 25.625895
v 45.153778 0.426254 25.628540
v 28.908579 7.050663 26.597115
v 28.811178 0.676376 26.599760
v 28.899046 7.050489 25.828730
v 28.801645 0.676203 25.831375
vn 0.9998 -0.0153 -0.0124
vn -0.0124 -0.0002 -0.9999
vn -0.9998 0.0153 0.0124
vn 0.0124 0.0002 0.9999
vn 0.0153 0.9999 -0.0004
vn -0.0153 -0.9999 0.0004
vt 0.375000 0.000000
vt 0.625000 0.000000
vt 0.625000 0.250000
vt 0.375000 0.250000
vt 0.625000 0.500000
vt 0.375000 0.500000
vt 0.625000 0.750000
vt 0.375000 0.750000
vt 0.625000 1.000000
vt 0.375000 1.000000
vt 0.125000 0.500000
vt 0.125000 0.750000
vt 0.875000 0.500000
vt 0.875000 0.750000
s 0
usemtl Material.003
f 17/29/13 18/30/13 20/31/13 19/32/13
f 19/32/14 20/31/14 24/33/14 23/34/14
f 23/34/15 24/33/15 22/35/15 21/36/15
f 21/36/16 22/35/16 18/37/16 17/38/16
f 19/39/17 23/34/17 21/36/17 17/40/17
f 24/33/18 20/41/18 18/42/18 22/35/18
o Cube.003
v 40.094318 6.506737 -7.982281
v 39.995785 0.131633 -7.992588
v 39.007175 6.523540 -7.982540
v 38.908646 0.148436 -7.992847
v 40.072548 6.373803 74.440460
v 39.974018 -0.001301 74.430161
v 38.985409 6.390606 74.440201
v 38.886875 0.015501 74.429901
vn 0.0003 0.0016 -1.0000
vn -0.9999 0.0155 -0.0002
vn -0.0003 -0.0016 1.0000
vn 0.9999 -0.0155 0.0002
vn 0.0155 0.9999 0.0016
vn -0.0155 -0.9999 -0.0016
vt 0.375000 0.000000
vt 0.625000 0.000000
vt 0.625000 0.250000
vt 0.375000 0.250000
vt 0.625000 0.500000
vt 0.375000 0.500000
vt 0.625000 0.750000
vt 0.375000 0.750000
vt 0.625000 1.000000
vt 0.375000 1.000000
vt 0.125000 0.500000
vt 0.125000 0.750000
vt 0.875000 0.500000
vt 0.875000 0.750000
s 0
usemtl Material.003
f 25/43/19 26/44/19 28/45/19 27/46/19
f 27/46/20 28/45/20 32/47/20 31/48/20
f 31/48/21 32/47/21 30/49/21 29/50/21
f 29/50/22 30/49/22 26/51/22 25/52/22
f 27/53/23 31/48/23 29/50/23 25/54/23
f 32/47/24 28/55/24 26/56/24 30/49/24
o Cube.004
v 40.109295 6.866002 -5.961734
v 40.011890 0.491715 -5.959089
v 40.116413 6.865573 -6.731407
v 40.019009 0.491287 -6.728761
v -37.700825 8.054661 -6.682265
v -37.798229 1.680374 -6.679619
v -37.693707 8.054232 -7.451937
v -37.791111 1.679945 -7.449292
vn 0.9998 -0.0153 0.0093
vn 0.0093 -0.0006 -1.0000
vn -0.9998 0.0153 -0.0093
vn -0.0093 0.0006 1.0000
vn 0.0153 0.9999 -0.0004
vn -0.0153 -0.9999 0.0004
vt 0.375000 0.000000
vt 0.625000 0.000000
vt 0.625000 0.250000
vt 0.375000 0.250000
vt 0.625000 0.500000
vt 0.375000 0.500000
vt 0.625000 0.750000
vt 0.375000 0.750000
vt 0.625000 1.000000
vt 0.375000 1.000000
vt 0.125000 0.500000
vt 0.125000 0.750000
vt 0.875000 0.500000
vt 0.875000 0.750000
s 0
usemtl Material.003
f 33/57/25 34/58/25 36/59/25 35/60/25
f 35/60/26 36/59/26 40/61/26 39/62/26
f 39/62/27 40/61/27 38/63/27 37/64/27
f 37/64/28 38/63/28 34/65/28 33/66/28
f 35/67/29 39/62/29 37/64/29 33/68/29
f 40/61/30 36/69/30 34/70/30 38/63/30
o Cube.005
v 43.601494 6.831797 40.201111
v 43.504097 0.457510 40.203754
v 43.591965 6.831623 39.432728
v 43.494560 0.457337 39.435371
v 27.249365 7.081745 40.403946
v 27.151964 0.707459 40.406590
v 27.239832 7.081572 39.635563
v 27.142431 0.707285 39.638206
vn 0.9998 -0.0153 -0.0124
vn -0.0124 -0.0002 -0.9999
vn -0.9998 0.0153 0.0124
vn 0.0124 0.0002 0.9999
vn 0.0153 0.9999 -0.0004
vn -0.0153 -0.9999 0.0004
vt 0.375000 0.000000
vt 0.625000 0.000000
vt 0.625000 0.250000
vt 0.375000 0.250000
vt 0.625000 0.500000
vt 0.375000 0.500000
vt 0.625000 0.750000
vt 0.375000 0.750000
vt 0.625000 1.000000
vt 0.375000 1.000000
vt 0.125000 0.500000
vt 0.125000 0.750000
vt 0.875000 0.500000
vt 0.875000 0.750000
s 0
usemtl Material.003
f 41/71/31 42/72/31 44/73/31 43/74/31
f 43/74/32 44/73/32 48/75/32 47/76/32
f 47/76/33 48/75/33 46/77/33 45/78/33
f 45/78/34 46/77/34 42/79/34 41/80/34
f 43/81/35 47/76/35 45/78/35 41/82/35
f 48/75/36 44/83/36 42/84/36 46/77/36
o Cube.006
v 43.955231 6.831797 53.226173
v 43.857826 0.457510 53.228817
v 43.945694 6.831623 52.457790
v 43.848297 0.457337 52.460434
v 27.603098 7.081745 53.429008
v 27.505697 0.707459 53.431652
v 27.593565 7.081572 52.660625
v 27.496164 0.707285 52.663269
vn 0.9998 -0.0153 -0.0124
vn -0.0124 -0.0002 -0.9999
vn -0.9998 0.0153 0.0124
vn 0.0124 0.0002 0.9999
vn 0.0153 0.9999 -0.0004
vn -0.0153 -0.9999 0.0004
vt 0.375000 0.000000
vt 0.625000 0.000000
vt 0.625000 0.250000
vt 0.375000 0.250000
vt 0.625000 0.500000
vt 0.375000 0.500000
vt 0.625000 0.750000
vt 0.375000 0.750000
vt 0.625000 1.000000
vt 0.375000 1.000000
vt 0.125000 0.500000
vt 0.125000 0.750000
vt 0.875000 0.500000
vt 0.875000 0.750000
s 0
usemtl Material.003
f 49/85/37 50/86/37 52/87/37 51/88/37
f 51/88/38 52/87/38 56/89/38 55/90/38
f 55/90/39 56/89/39 54/91/39 53/92/39
f 53/92/40 54/91/40 50/93/40 49/94/40
f 51/95/41 55/90/41 53/92/41 49/96/41
f 56/89/42 52/97/42 50/98/42 54/91/42
o Cube.007
v 3.283772 7.426333 -11.675106
v 3.186372 1.052047 -11.672461
v 2.590719 7.436927 -11.666443
v 2.493318 1.062640 -11.663797
v 3.510471 7.430393 6.454149
v 3.413070 1.056106 6.456795
v 2.817417 7.440987 6.462812
v 2.720017 1.066700 6.465458
vn -0.0125 -0.0002 -0.9999
vn -0.9998 0.0153 0.0125
vn 0.0125 0.0002 0.9999
vn 0.9998 -0.0153 -0.0125
vn 0.0153 0.9999 -0.0004
vn -0.0153 -0.9999 0.0004
vt 0.375000 0.000000
vt 0.625000 0.000000
vt 0.625000 0.250000
vt 0.375000 0.250000
vt 0.625000 0.500000
vt 0.375000 0.500000
vt 0.625000 0.750000
vt 0.375000 0.750000
vt 0.625000 1.000000
vt 0.375000 1.000000
vt 0.125000 0.500000
vt 0.125000 0.750000
vt 0.875000 0.500000
vt 0.875000 0.750000
s 0
usemtl Material.003
f 57/99/43 58/100/43 60/101/43 59/102/43
f 59/102/44 60/101/44 64/103/44 63/104/44
f 63/104/45 64/103/45 62/105/45 61/106/45
f 61/106/46 62/105/46 58/107/46 57/108/46
f 59/109/47 63/104/47 61/106/47 57/110/47
f 64/103/48 60/111/48 58/112/48 62/105/48
o Cube.008
v -20.782396 7.794063 -11.695805
v -20.879797 1.419776 -11.693159
v -21.475451 7.804656 -11.687141
v -21.572851 1.430369 -11.684496
v -20.555696 7.798121 6.433451
v -20.653097 1.423835 6.436096
v -21.248751 7.808715 6.442114
v -21.346151 1.434428 6.444759
vn -0.0125 -0.0002 -0.9999
vn -0.9998 0.0153 0.0125
vn 0.0125 0.0002 0.9999
vn 0.9998 -0.0153 -0.0125
vn 0.0153 0.9999 -0.0004
vn -0.0153 -0.9999 0.0004
vt 0.375000 0.000000
vt 0.625000 0.000000
vt 0.625000 0.250000
vt 0.375000 0.250000
vt 0.625000 0.500000
vt 0.375000 0.500000
vt 0.625000 0.750000
vt 0.375000 0.750000
vt 0.625000 1.000000
vt 0.375000 1.000000
vt 0.125000 0.500000
vt 0.125000 0.750000
vt 0.875000 0.500000
vt 0.875000 0.750000
s 0
usemtl Material.003
f 65/113/49 66/114/49 68/115/49 67/116/49
f 67/116/50 68/115/50 72/117/50 71/118/50
f 71/118/51 72/117/51 70/119/51 69/120/51
f 69/120/52 70/119/52 66/121/52 65/122/52
f 67/123/53 71/118/53 69/120/53 65/124/53
f 72/117/54 68/125/54 66/126/54 70/119/54
o Cube.009
v -36.579777 8.045301 12.043451
v -36.677177 1.671015 12.046097
v -36.586575 8.045725 12.813237
v -36.683975 1.671438 12.815882
v -20.187138 7.794878 12.188303
v -20.284538 1.420591 12.190948
v -20.193935 7.795301 12.958088
v -20.291336 1.421015 12.960733
vn -0.9998 0.0153 -0.0088
vn -0.0088 0.0005 1.0000
vn 0.9998 -0.0153 0.0088
vn 0.0088 -0.0005 -1.0000
vn 0.0153 0.9999 -0.0004
vn -0.0153 -0.9999 0.0004
vt 0.375000 0.000000
vt 0.625000 0.000000
vt 0.625000 0.250000
vt 0.375000 0.250000
vt 0.625000 0.500000
vt 0.375000 0.500000
vt 0.625000 0.750000
vt 0.375000 0.750000
vt 0.625000 1.000000
vt 0.375000 1.000000
vt 0.125000 0.500000
vt 0.125000 0.750000
vt 0.875000 0.500000
vt 0.875000 0.750000
s 0
usemtl Material.003
f 73/127/55 74/128/55 76/129/55 75/130/55
f 75/130/56 76/129/56 80/131/56 79/132/56
f 79/132/57 80/131/57 78/133/57 77/134/57
f 77/134/58 78/133/58 74/135/58 73/136/58
f 75/137/59 79/132/59 77/134/59 73/138/59
f 80/131/60 76/139/60 74/140/60 78/133/60
o Cube.010
v -37.670219 8.067844 26.215328
v -37.767620 1.693558 26.217974
v -37.677013 8.068268 26.985113
v -37.774414 1.693981 26.987759
v -21.277580 7.817421 26.360180
v -21.374981 1.443134 26.362825
v -21.284374 7.817844 27.129965
v -21.381775 1.443558 27.132610
vn -0.9998 0.0153 -0.0088
vn -0.0088 0.0005 1.0000
vn 0.9998 -0.0153 0.0088
vn 0.0088 -0.0005 -1.0000
vn 0.0153 0.9999 -0.0004
vn -0.0153 -0.9999 0.0004
vt 0.375000 0.000000
vt 0.625000 0.000000
vt 0.625000 0.250000
vt 0.375000 0.250000
vt 0.625000 0.500000
vt 0.375000 0.500000
vt 0.625000 0.750000
vt 0.375000 0.750000
vt 0.625000 1.000000
vt 0.375000 1.000000
vt 0.125000 0.500000
vt 0.125000 0.750000
vt 0.875000 0.500000
vt 0.875000 0.750000
s 0
usemtl Material.003
f 81/141/61 82/142/61 84/143/61 83/144/61
f 83/144/62 84/143/62 88/145/62 87/146/62
f 87/146/63 88/145/63 86/147/63 85/148/63
f 85/148/64 86/147/64 82/149/64 81/150/64
f 83/151/65 87/146/65 85/148/65 81/152/65
f 88/145/66 84/153/66 82/154/66 86/147/66
o Cube.011
v -37.575119 8.071879 39.440071
v -37.672520 1.697593 39.442719
v -37.581917 8.072303 40.209858
v -37.679317 1.698016 40.212502
v -21.182480 7.821456 39.584923
v -21.279881 1.447169 39.587566
v -21.189278 7.821879 40.354706
v -21.286678 1.447593 40.357353
vn -0.9998 0.0153 -0.0088
vn -0.0088 0.0005 1.0000
vn 0.9998 -0.0153 0.0088
vn 0.0088 -0.0005 -1.0000
vn 0.0153 0.9999 -0.0004
vn -0.0153 -0.9999 0.0004
vt 0.375000 0.000000
vt 0.625000 0.000000
vt 0.625000 0.250000
vt 0.375000 0.250000
vt 0.625000 0.500000
vt 0.375000 0.500000
vt 0.625000 0.750000
vt 0.375000 0.750000
vt 0.625000 1.000000
vt 0.375000 1.000000
vt 0.125000 0.500000
vt 0.125000 0.750000
vt 0.875000 0.500000
vt 0.875000 0.750000
s 0
usemtl Material.003
f 89/155/67 90/156/67 92/157/67 91/158/67
f 91/158/68 92/157/68 96/159/68 95/160/68
f 95/160/69 96/159/69 94/161/69 93/162/69
f 93/162/70 94/161/70 90/163/70 89/164/70
f 91/165/71 95/160/71 93/162/71 89/166/71
f 96/159/72 92/167/72 90/168/72 94/161/72
o Cube.012
v -37.466331 8.075672 52.586487
v -37.563732 1.701386 52.589134
v -37.473125 8.076096 53.356274
v -37.570526 1.701809 53.358917
v -21.073692 7.825249 52.731339
v -21.171093 1.450963 52.733982
v -21.080486 7.825673 53.501122
v -21.177887 1.451386 53.503769
vn -0.9998 0.0153 -0.0088
vn -0.0088 0.0005 1.0000
vn 0.9998 -0.0153 0.0088
vn 0.0088 -0.0005 -1.0000
vn 0.0153 0.9999 -0.0004
vn -0.0153 -0.9999 0.0004
vt 0.375000 0.000000
vt 0.625000 0.000000
vt 0.625000 0.250000
vt 0.375000 0.250000
vt 0.625000 0.500000
vt 0.375000 0.500000
vt 0.625000 0.750000
vt 0.375000 0.750000
vt 0.625000 1.000000
vt 0.375000 1.000000
vt 0.125000 0.500000
vt 0.125000 0.750000
vt 0.875000 0.500000
vt 0.875000 0.750000
s 0
usemtl Material.003
f 97/169/73 98/170/73 100/171/73 99/172/73
f 99/172/74 100/171/74 104/173/74 103/174/74
f 103/174/75 104/173/75 102/175/75 101/176/75
f 101/176/76 102/175/76 98/177/76 97/178/76
f 99/179/77 103/174/77 101/176/77 97/180/77
f 104/173/78 100/181/78 98/182/78 102/175/78
o Cube.013
v 27.852787 7.050921 -11.656082
v 27.755386 0.676634 -11.653437
v 27.159733 7.061514 -11.647419
v 27.062332 0.687228 -11.644773
v 28.079487 7.054980 6.473173
v 27.982086 0.680694 6.475819
v 27.386433 7.065574 6.481836
v 27.289032 0.691287 6.484482
vn -0.0125 -0.0002 -0.9999
vn -0.9998 0.0153 0.0125
vn 0.0125 0.0002 0.9999
vn 0.9998 -0.0153 -0.0125
vn 0.0153 0.9999 -0.0004
vn -0.0153 -0.9999 0.0004
vt 0.375000 0.000000
vt 0.625000 0.000000
vt 0.625000 0.250000
vt 0.375000 0.250000
vt 0.625000 0.500000
vt 0.375000 0.500000
vt 0.625000 0.750000
vt 0.375000 0.750000
vt 0.625000 1.000000
vt 0.375000 1.000000
vt 0.125000 0.500000
vt 0.125000 0.750000
vt 0.875000 0.500000
vt 0.875000 0.750000
s 0
usemtl Material.003
f 105/183/79 106/184/79 108/185/79 107/186/79
f 107/186/80 108/185/80 112/187/80 111/188/80
f 111/188/81 112/187/81 110/189/81 109/190/81
f 109/190/82 110/189/82 106/191/82 105/192/82
f 107/193/83 111/188/83 109/190/83 105/194/83
f 112/187/84 108/195/84 106/196/84 110/189/84
o Cube.014
v 27.765215 7.081509 58.828873
v 27.667814 0.707222 58.831520
v 27.072161 7.092103 58.837536
v 26.974760 0.717816 58.840179
v 27.991915 7.085568 76.958130
v 27.894514 0.711282 76.960770
v 27.298861 7.096162 76.966789
v 27.201460 0.721875 76.969437
vn -0.0125 -0.0002 -0.9999
vn -0.9998 0.0153 0.0125
vn 0.0125 0.0002 0.9999
vn 0.9998 -0.0153 -0.0125
vn 0.0153 0.9999 -0.0004
vn -0.0153 -0.9999 0.0004
vt 0.375000 0.000000
vt 0.625000 0.000000
vt 0.625000 0.250000
vt 0.375000 0.250000
vt 0.625000 0.500000
vt 0.375000 0.500000
vt 0.625000 0.750000
vt 0.375000 0.750000
vt 0.625000 1.000000
vt 0.375000 1.000000
vt 0.125000 0.500000
vt 0.125000 0.750000
vt 0.875000 0.500000
vt 0.875000 0.750000
s 0
usemtl Material.003
f 113/197/85 114/198/85 116/199/85 115/200/85
f 115/200/86 116/199/86 120/201/86 119/202/86
f 119/202/87 120/201/87 118/203/87 117/204/87
f 117/204/88 118/203/88 114/205/88 113/206/88
f 115/207/89 119/202/89 117/204/89 113/208/89
f 120/201/90 116/209/90 114/210/90 118/203/90
o Cube.015
v -19.019384 7.796546 59.207573
v -19.116785 1.422260 59.210220
v -19.712439 7.807139 59.216236
v -19.809839 1.432853 59.218880
v -18.792685 7.800606 77.336830
v -18.890085 1.426319 77.339478
v -19.485739 7.811199 77.345490
v -19.583139 1.436912 77.348137
vn -0.0125 -0.0002 -0.9999
vn -0.9998 0.0153 0.0125
vn 0.0125 0.0002 0.9999
vn 0.9998 -0.0153 -0.0125
vn 0.0153 0.9999 -0.0004
vn -0.0153 -0.9999 0.0004
vt 0.375000 0.000000
vt 0.625000 0.000000
vt 0.625000 0.250000
vt 0.375000 0.250000
vt 0.625000 0.500000
vt 0.375000 0.500000
vt 0.625000 0.750000
vt 0.375000 0.750000
vt 0.625000 1.000000
vt 0.375000 1.000000
vt 0.125000 0.500000
vt 0.125000 0.750000
vt 0.875000 0.500000
vt 0.875000 0.750000
s 0
usemtl Material.003
f 121/211/91 122/212/91 124/213/91 123/214/91
f 123/214/92 124/213/92 128/215/92 127/216/92
f 127/216/93 128/215/93 126/217/93 125/218/93
f 125/218/94 126/217/94 122/219/94 121/220/94
f 123/221/95 127/216/95 125/218/95 121/222/95
f 128/215/96 124/223/96 122/224/96 126/217/96
o Cube.016
v 4.136550 7.442827 59.470581
v 4.039150 1.068540 59.473228
v 3.443497 7.453421 59.479244
v 3.346097 1.079134 59.481888
v 4.363249 7.446886 77.599838
v 4.265849 1.072600 77.602478
v 3.670196 7.457479 77.608498
v 3.572795 1.083193 77.611145
vn -0.0125 -0.0002 -0.9999
vn -0.9998 0.0153 0.0125
vn 0.0125 0.0002 0.9999
vn 0.9998 -0.0153 -0.0125
vn 0.0153 0.9999 -0.0004
vn -0.0153 -0.9999 0.0004
vt 0.375000 0.000000
vt 0.625000 0.000000
vt 0.625000 0.250000
vt 0.375000 0.250000
vt 0.625000 0.500000
vt 0.375000 0.500000
vt 0.625000 0.750000
vt 0.375000 0.750000
vt 0.625000 1.000000
vt 0.375000 1.000000
vt 0.125000 0.500000
vt 0.125000 0.750000
vt 0.875000 0.500000
vt 0.875000 0.750000
s 0
usemtl Material.003
f 129/225/97 130/226/97 132/227/97 131/228/97
f 131/228/98 132/227/98 136/229/98 135/230/98
f 135/230/99 136/229/99 134/231/99 133/232/99
f 133/232/100 134/231/100 130/233/100 129/234/100
f 131/235/101 135/230/101 133/232/101 129/236/101
f 136/229/102 132/237/102 130/238/102 134/231/102
o Cube.018
v -15.726924 7.726580 11.839699
v -15.824325 1.352293 11.842344
v -15.733741 7.727005 12.611753
v -15.831141 1.352718 12.614398
v 21.453827 7.158585 12.168241
v 21.356426 0.784298 12.170885
v 21.447010 7.159010 12.940294
v 21.349609 0.784723 12.942940
vn -0.9998 0.0153 -0.0088
vn -0.0088 0.0005 1.0000
vn 0.9998 -0.0153 0.0088
vn 0.0088 -0.0005 -1.0000
vn 0.0153 0.9999 -0.0004
vn -0.0153 -0.9999 0.0004
vt 0.375000 0.000000
vt 0.625000 0.000000
vt 0.625000 0.250000
vt 0.375000 0.250000
vt 0.625000 0.500000
vt 0.375000 0.500000
vt 0.625000 0.750000
vt 0.375000 0.750000
vt 0.625000 1.000000
vt 0.375000 1.000000
vt 0.125000 0.500000
vt 0.125000 0.750000
vt 0.875000 0.500000
vt 0.875000 0.750000
s 0
usemtl Material.003
f 137/239/103 138/240/103 140/241/103 139/242/103
f 139/242/104 140/241/104 144/243/104 143/244/104
f 143/244/105 144/243/105 142/245/105 141/246/105
f 141/246/106 142/245/106 138/247/106 137/248/106
f 139/249/107 143/244/107 141/246/107 137/250/107
f 144/243/108 140/251/108 138/252/108 142/245/108
o Cube.019
v 21.649076 7.155604 12.175196
v 21.551676 0.781318 12.177841
v 20.956034 7.166198 12.183859
v 20.858635 0.791911 12.186504
v 21.833614 7.158909 26.932888
v 21.736216 0.784622 26.935534
v 21.140574 7.169502 26.941551
v 21.043173 0.795216 26.944197
vn -0.0125 -0.0002 -0.9999
vn -0.9998 0.0153 0.0125
vn 0.0125 0.0002 0.9999
vn 0.9998 -0.0153 -0.0125
vn 0.0153 0.9999 -0.0004
vn -0.0153 -0.9999 0.0004
vt 0.375000 0.000000
vt 0.625000 0.000000
vt 0.625000 0.250000
vt 0.375000 0.250000
vt 0.625000 0.500000
vt 0.375000 0.500000
vt 0.625000 0.750000
vt 0.375000 0.750000
vt 0.625000 1.000000
vt 0.375000 1.000000
vt 0.125000 0.500000
vt 0.125000 0.750000
vt 0.875000 0.500000
vt 0.875000 0.750000
s 0
usemtl Material.003
f 145/253/109 146/254/109 148/255/109 147/256/109
f 147/256/110 148/255/110 152/257/110 151/258/110
f 151/258/111 152/257/111 150/259/111 149/260/111
f 149/260/112 150/259/112 146/261/112 145/262/112
f 147/263/113 151/258/113 149/260/113 145/264/113
f 152/257/114 148/265/114 146/266/114 150/259/114
o Cube.017
v -15.372568 7.738419 53.414978
v -15.469969 1.364132 53.417622
v -15.379385 7.738843 54.187031
v -15.476786 1.364556 54.189678
v 21.808184 7.170424 53.743519
v 21.710783 0.796137 53.746166
v 21.801367 7.170848 54.515575
v 21.703966 0.796561 54.518219
vn -0.9998 0.0153 -0.0088
vn -0.0088 0.0005 1.0000
vn 0.9998 -0.0153 0.0088
vn 0.0088 -0.0005 -1.0000
vn 0.0153 0.9999 -0.0004
vn -0.0153 -0.9999 0.0004
vt 0.375000 0.000000
vt 0.625000 0.000000
vt 0.625000 0.250000
vt 0.375000 0.250000
vt 0.625000 0.500000
vt 0.375000 0.500000
vt 0.625000 0.750000
vt 0.375000 0.750000
vt 0.625000 1.000000
vt 0.375000 1.000000
vt 0.125000 0.500000
vt 0.125000 0.750000
vt 0.875000 0.500000
vt 0.875000 0.750000
s 0
usemtl Material.003
f 153/267/115 154/268/115 156/269/115 155/270/115
f 155/270/116 156/269/116 160/271/116 159/272/116
f 159/272/117 160/271/117 158/273/117 157/274/117
f 157/274/118 158/273/118 154/275/118 153/276/118
f 155/277/119 159/272/119 157/274/119 153/278/119
f 160/271/120 156/279/120 154/280/120 158/273/120
o Cube.020
v -14.985215 7.715302 11.972673
v -15.082616 1.341015 11.975319
v -15.678257 7.725895 11.981337
v -15.775658 1.351608 11.983982
v -14.800676 7.718606 26.730366
v -14.898077 1.344319 26.733011
v -15.493718 7.729199 26.739029
v -15.591119 1.354913 26.741674
vn -0.0125 -0.0002 -0.9999
vn -0.9998 0.0153 0.0125
vn 0.0125 0.0002 0.9999
vn 0.9998 -0.0153 -0.0125
vn 0.0153 0.9999 -0.0004
vn -0.0153 -0.9999 0.0004
vt 0.375000 0.000000
vt 0.625000 0.000000
vt 0.625000 0.250000
vt 0.375000 0.250000
vt 0.625000 0.500000
vt 0.375000 0.500000
vt 0.625000 0.750000
vt 0.375000 0.750000
vt 0.625000 1.000000
vt 0.375000 1.000000
vt 0.125000 0.500000
vt 0.125000 0.750000
vt 0.875000 0.500000
vt 0.875000 0.750000
s 0
usemtl Material.003
f 161/281/121 162/282/121 164/283/121 163/284/121
f 163/284/122 164/283/122 168/285/122 167/286/122
f 167/286/123 168/285/123 166/287/123 165/288/123
f 165/288/124 166/287/124 162/289/124 161/290/124
f 163/291/125 167/286/125 165/288/125 161/292/125
f 168/285/126 164/293/126 162/294/126 166/287/126
o Cube.021
v -14.844172 7.724502 39.335697
v -14.941573 1.350215 39.338345
v -15.537214 7.735095 39.344364
v -15.634615 1.360808 39.347008
v -14.659634 7.727806 54.093391
v -14.757034 1.353519 54.096035
v -15.352675 7.738400 54.102055
v -15.450076 1.364113 54.104702
vn -0.0125 -0.0002 -0.9999
vn -0.9998 0.0153 0.0125
vn 0.0125 0.0002 0.9999
vn 0.9998 -0.0153 -0.0125
vn 0.0153 0.9999 -0.0004
vn -0.0153 -0.9999 0.0004
vt 0.375000 0.000000
vt 0.625000 0.000000
vt 0.625000 0.250000
vt 0.375000 0.250000
vt 0.625000 0.500000
vt 0.375000 0.500000
vt 0.625000 0.750000
vt 0.375000 0.750000
vt 0.625000 1.000000
vt 0.375000 1.000000
vt 0.125000 0.500000
vt 0.125000 0.750000
vt 0.875000 0.500000
vt 0.875000 0.750000
s 0
usemtl Material.003
f 169/295/127 170/296/127 172/297/127 171/298/127
f 171/298/128 172/297/128 176/299/128 175/300/128
f 175/300/129 176/299/129 174/301/129 173/302/129
f 173/302/130 174/301/130 170/303/130 169/304/130
f 171/305/131 175/300/131 173/302/131 169/306/131
f 176/299/132 172/307/132 170/308/132 174/301/132
o Cube.022
v 21.498396 7.169222 39.441364
v 21.400995 0.794935 39.444012
v 20.805353 7.179815 39.450031
v 20.707954 0.805529 39.452675
v 21.682934 7.172526 54.199059
v 21.585535 0.798240 54.201702
v 20.989893 7.183120 54.207722
v 20.892492 0.808833 54.210369
vn -0.0125 -0.0002 -0.9999
vn -0.9998 0.0153 0.0125
vn 0.0125 0.0002 0.9999
vn 0.9998 -0.0153 -0.0125
vn 0.0153 0.9999 -0.0004
vn -0.0153 -0.9999 0.0004
vt 0.375000 0.000000
vt 0.625000 0.000000
vt 0.625000 0.250000
vt 0.375000 0.250000
vt 0.625000 0.500000
vt 0.375000 0.500000
vt 0.625000 0.750000
vt 0.375000 0.750000
vt 0.625000 1.000000
vt 0.375000 1.000000
vt 0.125000 0.500000
vt 0.125000 0.750000
vt 0.875000 0.500000
vt 0.875000 0.750000
s 0
usemtl Material.003
f 177/309/133 178/310/133 180/311/133 179/312/133
f 179/312/134 180/311/134 184/313/134 183/314/134
f 183/314/135 184/313/135 182/315/135 181/316/135
f 181/316/136 182/315/136 178/317/136 177/318/136
f 179/319/137 183/314/137 181/316/137 177/320/137
f 184/313/138 180/321/138 178/322/138 182/315/138
o Cube.023
v -15.135118 7.723422 26.021126
v -15.232518 1.349135 26.023771
v -15.141906 7.723845 26.790108
v -15.239306 1.349558 26.792753
v -11.580251 7.669116 26.052538
v -11.677651 1.294829 26.055183
v -11.587039 7.669538 26.821520
v -11.684440 1.295252 26.824165
vn -0.9998 0.0153 -0.0088
vn -0.0088 0.0005 1.0000
vn 0.9998 -0.0153 0.0088
vn 0.0088 -0.0005 -1.0000
vn 0.0153 0.9999 -0.0004
vn -0.0153 -0.9999 0.0004
vt 0.375000 0.000000
vt 0.625000 0.000000
vt 0.625000 0.250000
vt 0.375000 0.250000
vt 0.625000 0.500000
vt 0.375000 0.500000
vt 0.625000 0.750000
vt 0.375000 0.750000
vt 0.625000 1.000000
vt 0.375000 1.000000
vt 0.125000 0.500000
vt 0.125000 0.750000
vt 0.875000 0.500000
vt 0.875000 0.750000
s 0
usemtl Material.003
f 185/323/139 186/324/139 188/325/139 187/326/139
f 187/326/140 188/325/140 192/327/140 191/328/140
f 191/328/141 192/327/141 190/329/141 189/330/141
f 189/330/142 190/329/142 186/331/142 185/332/142
f 187/333/143 191/328/143 189/330/143 185/334/143
f 192/327/144 188/335/144 186/336/144 190/329/144
o Cube.024
v -15.080564 7.728117 39.344193
v -15.177965 1.353831 39.346836
v -15.087353 7.728540 40.113174
v -15.184753 1.354254 40.115822
v -11.525698 7.673811 39.375603
v -11.623098 1.299525 39.378250
v -11.532486 7.674234 40.144588
v -11.629887 1.299947 40.147232
vn -0.9998 0.0153 -0.0088
vn -0.0088 0.0005 1.0000
vn 0.9998 -0.0153 0.0088
vn 0.0088 -0.0005 -1.0000
vn 0.0153 0.9999 -0.0004
vn -0.0153 -0.9999 0.0004
vt 0.375000 0.000000
vt 0.625000 0.000000
vt 0.625000 0.250000
vt 0.375000 0.250000
vt 0.625000 0.500000
vt 0.375000 0.500000
vt 0.625000 0.750000
vt 0.375000 0.750000
vt 0.625000 1.000000
vt 0.375000 1.000000
vt 0.125000 0.500000
vt 0.125000 0.750000
vt 0.875000 0.500000
vt 0.875000 0.750000
s 0
usemtl Material.003
f 193/337/145 194/338/145 196/339/145 195/340/145
f 195/340/146 196/339/146 200/341/146 199/342/146
f 199/342/147 200/341/147 198/343/147 197/344/147
f 197/344/148 198/343/148 194/345/148 193/346/148
f 195/347/149 199/342/149 197/344/149 193/348/149
f 200/341/150 196/349/150 194/350/150 198/343/150
o Cube.025
v 17.737764 7.221161 26.129425
v 17.640364 0.846875 26.132071
v 17.730976 7.221584 26.898407
v 17.633575 0.847297 26.901052
v 21.292633 7.166855 26.160837
v 21.195232 0.792568 26.163483
v 21.285845 7.167278 26.929819
v 21.188444 0.792991 26.932465
vn -0.9998 0.0153 -0.0088
vn -0.0088 0.0005 1.0000
vn 0.9998 -0.0153 0.0088
vn 0.0088 -0.0005 -1.0000
vn 0.0153 0.9999 -0.0004
vn -0.0153 -0.9999 0.0004
vt 0.375000 0.000000
vt 0.625000 0.000000
vt 0.625000 0.250000
vt 0.375000 0.250000
vt 0.625000 0.500000
vt 0.375000 0.500000
vt 0.625000 0.750000
vt 0.375000 0.750000
vt 0.625000 1.000000
vt 0.375000 1.000000
vt 0.125000 0.500000
vt 0.125000 0.750000
vt 0.875000 0.500000
vt 0.875000 0.750000
s 0
usemtl Material.003
f 201/351/151 202/352/151 204/353/151 203/354/151
f 203/354/152 204/353/152 208/355/152 207/356/152
f 207/356/153 208/355/153 206/357/153 205/358/153
f 205/358/154 206/357/154 202/359/154 201/360/154
f 203/361/155 207/356/155 205/358/155 201/362/155
f 208/355/156 204/363/156 202/364/156 206/357/156
o Cube.026
v 17.641624 7.228137 39.398003
v 17.544224 0.853850 39.400646
v 17.634836 7.228559 40.166985
v 17.537436 0.854273 40.169632
v 21.196493 7.173830 39.429413
v 21.099092 0.799544 39.432060
v 21.189705 7.174253 40.198399
v 21.092304 0.799966 40.201042
vn -0.9998 0.0153 -0.0088
vn -0.0088 0.0005 1.0000
vn 0.9998 -0.0153 0.0088
vn 0.0088 -0.0005 -1.0000
vn 0.0153 0.9999 -0.0004
vn -0.0153 -0.9999 0.0004
vt 0.375000 0.000000
vt 0.625000 0.000000
vt 0.625000 0.250000
vt 0.375000 0.250000
vt 0.625000 0.500000
vt 0.375000 0.500000
vt 0.625000 0.750000
vt 0.375000 0.750000
vt 0.625000 1.000000
vt 0.375000 1.000000
vt 0.125000 0.500000
vt 0.125000 0.750000
vt 0.875000 0.500000
vt 0.875000 0.750000
s 0
usemtl Material.003
f 209/365/157 210/366/157 212/367/157 211/368/157
f 211/368/158 212/367/158 216/369/158 215/370/158
f 215/370/159 216/369/159 214/371/159 213/372/159
f 213/372/160 214/371/160 210/373/160 209/374/160
f 211/375/161 215/370/161 213/372/161 209/376/161
f 216/369/162 212/377/162 210/378/162 214/371/162
o Plane
v -45.271816 0.189325 92.430786
v 51.921680 0.189325 92.430786
v -45.271816 0.189325 -27.342426
v 51.921680 0.189325 -27.342426
vn -0.0000 1.0000 -0.0000
vt -6.168932 -7.306858
vt 7.168931 -7.306858
vt 7.168931 8.306849
vt -6.168931 8.306849
s 0
usemtl Material.002
f 217/379/163 218/380/163 220/381/163 219/382/163
o Plane.001
v -44.032238 6.913683 -34.321201
v 43.809643 6.913683 -34.321201
v -44.032238 6.913683 86.776489
v 43.809643 6.913683 86.776489
vn -0.0000 1.0000 -0.0000
vt -4.434398 -5.769190
vt 5.434399 -5.769189
vt 5.434398 6.769188
vt -4.434399 6.769188
s 0
usemtl Material.004
f 221/383/164 223/386/164 224/385/164 222/384/164
